0
74.2445
74.2445
1.82606
1.82606
7.33569
7.33569
5.67577
5.67577
0.246498
0.246498
1.35196
1.35196
4.07583
4.07583
1.74135
1.74135
1.22573
1.22573
1.91802
1.91802
3.43843
3.43843
0.286939
0.286939
2.17798
2.17798
5.29062
5.29062
2.14077
2.14077
6.5929
6.5929
6.80843
6.80843
4.06322
4.06322
3.98759
3.98759
2.67306
2.67306
2.81541
2.81541
0.737342
0.737342
1.48106
1.48106
0.761157
0.761157
2.85226
2.85226
10.0761
10.0761
0.0934287
0.0934287
1.70094
1.70094
3.37503
3.37503
2.29105
2.29105
1.25616
1.25616
1.50314
1.50314
0.787822
0.787822
3.14556
3.14556
1.78297
1.78297
2.99917
2.99917
0.526898
0.526898
0.879586
0.879586
0.198431
0.198431
0.762992
0.762992
3.97799
3.97799
0.3263
0.3263
2.18123
2.18123
0.472136
0.472136
1.08493
1.08493
2.10147
2.10147
7.61558
7.61558
2.14568
2.14568
4.98215
4.98215
8.39611
8.39611
4.66616
4.66616
2.54786
2.54786
2.19122
2.19122
1.34381
1.34381
0.786241
0.786241
1.32917
1.32917
3.3296
3.3296
7.03142
7.03142
1.57591
1.57591
2.01809
2.01809
0.237285
0.237285
5.93795
5.93795
6.23408
6.23408
1.18275
1.18275
3.12129
3.12129
6.29826
6.29826
1.96215
1.96215
2.94741
2.94741
3.24646
3.24646
9.95554
9.95554
3.3193
3.3193
5.39514
5.39514
2.41846
2.41846
1.19476
1.19476
0.140701
0.140701
1.4144
1.4144
2.27142
2.27142
2.62118
2.62118
0.906702
0.906702
1.03772
1.03772
4.05284
4.05284
5.50349
5.50349
1.05799
1.05799
1.03829
1.03829
1.75922
1.75922
4.77424
4.77424
0.179898
0.179898
3.3654
3.3654
0.262974
0.262974
0.541952
0.541952
2.97716
2.97716
1.65908
1.65908
1.7783
1.7783
4.83894
4.83894
1.51517
1.51517
1.22681
1.22681
6.90632
6.90632
3.42911
3.42911
2.37239
2.37239
2.56333
2.56333
2.46625
2.46625
4.60648
4.60648
0.53273
0.53273
2.71494
2.71494
0.851393
0.851393
2.17308
2.17308
2.09571
2.09571
2.18869
2.18869
0.461506
0.461506
1.66237
1.66237
3.57259
3.57259
3.43587
3.43587
2.51523
2.51523
1.63159
1.63159
2.89681
2.89681
1.50773
1.50773
0.626478
0.626478
2.22021
2.22021
2.10705
2.10705
2.43066
2.43066
5.52134
5.52134
4.44309
4.44309
2.32495
2.32495
3.29947
3.29947
3.83555
3.83555
1.69419
1.69419
0.633773
0.633773
1.63663
1.63663
1.75799
1.75799
4.00949
4.00949
0.472413
0.472413
0.357066
0.357066
3.58299
3.58299
0.0930505
0.0930505
1.3229
1.3229
5.60445
5.60445
5.78208
5.78208
3.36976
3.36976
4.98268
4.98268
3.21194
3.21194
2.67554
2.67554
3.11772
3.11772
0.81233
0.81233
0.366674
0.366674
4.47382
4.47382
0.461942
0.461942
0.441997
0.441997
1.98848
1.98848
3.24529
3.24529
0.27276
0.27276
5.27333
5.27333
1.19024
1.19024
7.15756
7.15756
0.781924
0.781924
1.48464
1.48464
1.30703
1.30703
1.58499
1.58499
1.10167
1.10167
2.91732
2.91732
1.25175
1.25175
2.68402
2.68402
2.88179
2.88179
2.88852
2.88852
0.414196
0.414196
4.55045
4.55045
2.18877
2.18877
2.21192
2.21192
4.83075
4.83075
8.23875
8.23875
1.65313
1.65313
0.417526
0.417526
1.75689
1.75689
3.86293
3.86293
0.899613
0.899613
4.78901
4.78901
1.50839
1.50839
2.58089
2.58089
1.98156
1.98156
5.89055
5.89055
2.44859
2.44859
0.702813
0.702813
2.60335
2.60335
2.52973
2.52973
0.859498
0.859498
1.98315
1.98315
3.45807
3.45807
0.310119
0.310119
1.81093
1.81093
1.07163
1.07163
5.66598
5.66598
0.155758
0.155758
11.563
11.563
2.4341
2.4341
0.0201813
0.0201813
2.28546
2.28546
1.45464
1.45464
1.88847
1.88847
1.77655
1.77655
5.13075
5.13075
2.33486
2.33486
2.73878
2.73878
1.80562
1.80562
6.02782
6.02782
8.27655
8.27655
0.66027
0.66027
0.394361
0.394361
3.14949
3.14949
2.09471
2.09471
1.1057
1.1057
0.567164
0.567164
9.09288
9.09288
2.3144
2.3144
0.796862
0.796862
2.9655
2.9655
4.60713
4.60713
1.1957
1.1957
5.57424
5.57424
2.00699
2.00699
2.37768
2.37768
5.72729
5.72729
1.51713
1.51713
5.16536
5.16536
5.31014
5.31014
1.08185
1.08185
0.531781
0.531781
4.92385
4.92385
1.72734
1.72734
5.25304
5.25304
3.22007
3.22007
0.363833
0.363833
0.039916
0.039916
0.42989
0.42989
0.270779
0.270779
7.25242
7.25242
6.75855
6.75855
0.573991
0.573991
0.872668
0.872668
0.545975
0.545975
1.0696
1.0696
0.233765
0.233765
2.80911
2.80911
8.26927
8.26927
0.701954
0.701954
7.29652
7.29652
3.87765
3.87765
2.47882
2.47882
6.44305
6.44305
1.3585
1.3585
1.55825
1.55825
